indices
63
301
554
356
575
427
732
225
675
7
372
330
616
367
66
220
580
576
781
437
353
435
375
569
78
746
512
82
494
693
464
42
73
838
504
506
399
217
5
174
725
234
686
227
821
105
442
681
355
387
418
339
806
281
625
658
831
716
486
340
99
429
757
320
67
646
87
731
354
297
361
692
256
647
324
578
661
496
611
807
159
614
162
4
742
74
352
358
350
431
195
377
336
274
416
391
44
45
392
602
50
349
845
566
276
733
120
169
649
487
776
621
624
523
393
191
97
728
136
244
187
793
294
581
592
557
118
493
23
703
124
34
83
729
827
108
194
77
385
816
344
154
10
500
287
617
546
605
588
499
755
199
134
394
594
396
20
240
568
325
558
229
317
547
526
639
465
641
366
79
759
622
357
840
527
785
765
791
255
749
61
434
96
633
476
69
25
203
741
258
71
331
271
24
533
282
32
402
106
715
